Best           Mean      Stall
Generation      f-count        f(x)           f(x)    Generations
    1           387           4e+06       1.581e+07        0
    2           587           4e+06       1.162e+07        1
    3           787           4e+06       7.804e+06        2
    4           987           4e+06       5.866e+06        0
    5          1187           4e+06       4.785e+06        1
    6          1387           4e+06       4.381e+06        2
    7          1587           4e+06       4.157e+06        3
    8          1787         3.9e+06       4.092e+06        0
    9          1987         3.9e+06       4.045e+06        0
   10          2187         3.9e+06       4.012e+06        0
   11          2387         3.9e+06        4.03e+06        1
   12          2587         3.9e+06       4.012e+06        2
   13          2787         3.9e+06        3.98e+06        3
   14          2987         3.9e+06       3.959e+06        0
   15          3187         3.9e+06       3.946e+06        1
   16          3387         3.9e+06       3.943e+06        2
   17          3587         3.9e+06       3.955e+06        3
   18          3787         3.9e+06       3.954e+06        4
   19          3987         3.9e+06       3.946e+06        0
   20          4187         3.9e+06       3.944e+06        0
   21          4387         3.9e+06       3.941e+06        0
   22          4587         3.9e+06       3.928e+06        0
   23          4787         3.9e+06       3.921e+06        0
   24          4987         3.9e+06        3.92e+06        0
   25          5187         3.9e+06       3.908e+06        0
   26          5387         3.9e+06       4.118e+06        1
   27          5587         3.9e+06       3.983e+06        0
   28          5787         3.7e+06       4.208e+06        0
   29          5987         3.7e+06        4.33e+06        0
   30          6187         3.7e+06       4.192e+06        0
                               Best           Mean      Stall
Generation      f-count        f(x)           f(x)    Generations
   31          6387         3.7e+06       4.237e+06        1
   32          6587         3.7e+06       3.992e+06        0
   33          6787         3.7e+06        4.07e+06        1
   34          6987         3.7e+06       3.885e+06        2
   35          7187         3.7e+06       3.793e+06        3
   36          7387         3.7e+06       3.748e+06        0
   37          7587         3.7e+06       3.738e+06        0
   38          7787         3.7e+06       3.735e+06        0
   39          7987         3.7e+06       3.808e+06        0
   40          8187         3.7e+06       3.887e+06        0
   41          8387         3.7e+06        3.85e+06        0
   42          8587         3.7e+06       3.994e+06        1
   43          8787         3.7e+06       3.895e+06        0
   44          8987         3.7e+06       3.874e+06        0
   45          9187         3.7e+06       3.963e+06        0
   46          9387         3.7e+06       3.919e+06        0
   47          9587         3.7e+06       3.963e+06        0
   48          9787         3.7e+06        3.96e+06        0
   49          9987         3.7e+06       3.947e+06        1
   50         10187         3.7e+06       3.814e+06        0
   51         10387         3.7e+06       3.928e+06        0
   52         10587         3.7e+06        3.95e+06        1
   53         10787         3.7e+06       3.818e+06        2
   54         10987         3.7e+06       3.765e+06        0
   55         11187         3.7e+06       3.744e+06        0
   56         11387         3.7e+06       3.834e+06        1
   57         11587         3.7e+06       3.799e+06        0
   58         11787         3.7e+06       3.872e+06        0
   59         11987         3.7e+06       3.857e+06        0
   60         12187         3.7e+06        3.83e+06        1
                               Best           Mean      Stall
Generation      f-count        f(x)           f(x)    Generations
   61         12387         3.7e+06       3.785e+06        0
   62         12587         3.7e+06       3.866e+06        0
   63         12787         3.7e+06        3.88e+06        0
   64         12987         3.7e+06       3.901e+06        0
   65         13187         3.7e+06       3.849e+06        0
   66         13387         3.7e+06       3.854e+06        1
   67         13587         3.7e+06        3.77e+06        2
   68         13787         3.7e+06        3.75e+06        3
   69         13987         3.7e+06       3.722e+06        0
   70         14187         3.7e+06       3.715e+06        0
   71         14387         3.7e+06       3.711e+06        1
   72         14587         3.7e+06        3.71e+06        0
   73         14787         3.7e+06       3.707e+06        0
   74         14987         3.7e+06       3.935e+06        1
   75         15187         3.7e+06       3.865e+06        0
   76         15387         3.7e+06       3.861e+06        1
   77         15587         3.7e+06       3.808e+06        2
   78         15787         3.7e+06       3.758e+06        0
Optimization terminated: average change in the fitness value less than options.TolFun.
x =
  Columns 1 through 8
   -0.3788    1.1908   -1.8581    0.4795   -0.2956   -0.1841    0.8615    1.1011
  Column 9
   -1.9626
x0_cost =
   2.0300e+05
x_cost =
   3.7002e+04
c_best =
   3.2000e+05
                               Best           Mean      Stall
Generation      f-count        f(x)           f(x)    Generations
    1           388           4e+06       1.658e+07        0
    2           588           4e+06       1.208e+07        1
    3           788           4e+06       8.247e+06        2
    4           988           4e+06       6.061e+06        0
    5          1188           4e+06       4.992e+06        1
    6          1388           4e+06       4.509e+06        2
    7          1588           4e+06       4.231e+06        3
    8          1788           4e+06       4.082e+06        4
    9          1988           4e+06       4.035e+06        5
   10          2188           4e+06       4.022e+06        6
   11          2388           4e+06       4.011e+06        7
   12          2588           4e+06       4.008e+06        8
   13          2788           4e+06       4.012e+06        0
   14          2988           4e+06       4.016e+06        0
   15          3188           4e+06       4.013e+06        0
   16          3388           4e+06       4.015e+06        1
   17          3588           4e+06       4.015e+06        2
   18          3788           4e+06       4.014e+06        3
   19          3988           4e+06       4.015e+06        0
   20          4188           4e+06        4.01e+06        1
   21          4388           4e+06       4.007e+06        0
   22          4588           4e+06       4.008e+06        0
   23          4788           4e+06       4.006e+06        0
   24          4988           4e+06       4.005e+06        1
   25          5188           4e+06       4.003e+06        2
   26          5388           4e+06       4.003e+06        0
   27          5588           4e+06       4.003e+06        1
   28          5788           4e+06       4.002e+06        2
   29          5988           4e+06       4.003e+06        0
   30          6188           4e+06       4.001e+06        0
                               Best           Mean      Stall
Generation      f-count        f(x)           f(x)    Generations
   31          6388           4e+06       4.002e+06        1
   32          6588           4e+06       4.002e+06        2
   33          6788           4e+06       4.001e+06        0
   34          6988           4e+06       4.001e+06        0
   35          7188           4e+06       4.001e+06        1
   36          7388           4e+06       4.001e+06        2
   37          7588           4e+06       4.001e+06        3
   38          7788           4e+06       4.004e+06        4
   39          7988           4e+06       4.004e+06        0
   40          8188           4e+06       4.006e+06        1
   41          8388           4e+06       4.017e+06        0
   42          8588           4e+06       4.024e+06        1
   43          8788           4e+06       4.028e+06        0
   44          8988           4e+06       4.024e+06        1
   45          9188           4e+06        4.02e+06        2
   46          9388           4e+06       4.015e+06        0
   47          9588           4e+06       4.013e+06        0
   48          9788           4e+06       4.015e+06        0
   49          9988           4e+06       4.013e+06        0
   50         10188           4e+06       4.009e+06        0
   51         10388           4e+06       4.006e+06        0
Optimization terminated: average change in the fitness value less than options.TolFun.
x =
  Columns 1 through 8
    0.4150   -0.7803   -0.6819    0.0600   -0.1609    0.1005    1.0223    0.9769
  Column 9
   -1.9999
x0_cost =
   2.0300e+05
x_cost =
   4.0002e+04
c_best =
   3.2000e+05